AIPath: 
0	|| pos: (151.6, 1364.8, 1222.2)	,dir: (151.6, 1364.8, 1222.2)	,segment: 0
1	|| pos: (66.8, 1364.5, 1222.2)	,dir: (66.8, 1364.5, 1222.2)	,segment: 0
2	|| pos: (-82.2, 1347.2, 1222.1)	,dir: (-82.2, 1347.2, 1222.1)	,segment: 0
3	|| pos: (-132.6, 1345.5, 1222.1)	,dir: (-132.6, 1345.5, 1222.1)	,segment: 0
4	|| pos: (-183.1, 1343.3, 1222.1)	,dir: (-183.1, 1343.3, 1222.1)	,segment: 0
5	|| pos: (-233.5, 1341.0, 1222.1)	,dir: (-233.5, 1341.0, 1222.1)	,segment: 0
6	|| pos: (-284.0, 1338.6, 1222.1)	,dir: (-284.0, 1338.6, 1222.1)	,segment: 0
7	|| pos: (-334.4, 1336.1, 1222.1)	,dir: (-334.4, 1336.1, 1222.1)	,segment: 0
8	|| pos: (-384.8, 1333.5, 1222.1)	,dir: (-384.8, 1333.5, 1222.1)	,segment: 0
9	|| pos: (-435.3, 1330.9, 1222.1)	,dir: (-435.3, 1330.9, 1222.1)	,segment: 0
10	|| pos: (-486.1, 1328.3, 1222.1)	,dir: (-486.1, 1328.3, 1222.1)	,segment: 0
11	|| pos: (-536.4, 1325.2, 1226.7)	,dir: (-536.4, 1325.2, 1226.7)	,segment: 0
12	|| pos: (-584.9, 1320.9, 1243.0)	,dir: (-584.9, 1320.9, 1243.0)	,segment: 0
13	|| pos: (-630.2, 1316.0, 1264.4)	,dir: (-630.2, 1316.0, 1264.4)	,segment: 0
14	|| pos: (-674.2, 1310.7, 1288.6)	,dir: (-674.2, 1310.7, 1288.6)	,segment: 0
15	|| pos: (-717.5, 1304.9, 1313.9)	,dir: (-717.5, 1304.9, 1313.9)	,segment: 0
16	|| pos: (-760.9, 1298.7, 1339.1)	,dir: (-760.9, 1298.7, 1339.1)	,segment: 0
17	|| pos: (-805.5, 1291.7, 1362.1)	,dir: (-805.5, 1291.7, 1362.1)	,segment: 0
18	|| pos: (-854.4, 1283.0, 1374.6)	,dir: (-854.4, 1283.0, 1374.6)	,segment: 0
19	|| pos: (-903.9, 1274.8, 1375.2)	,dir: (-903.9, 1274.8, 1375.2)	,segment: 0
20	|| pos: (-954.8, 1268.8, 1374.5)	,dir: (-954.8, 1268.8, 1374.5)	,segment: 0
21	|| pos: (-1005.7, 1265.0, 1368.2)	,dir: (-1005.7, 1265.0, 1368.2)	,segment: 0
22	|| pos: (-1055.2, 1263.0, 1351.7)	,dir: (-1055.2, 1263.0, 1351.7)	,segment: 0
23	|| pos: (-1099.1, 1262.3, 1323.5)	,dir: (-1099.1, 1262.3, 1323.5)	,segment: 0
24	|| pos: (-1135.3, 1262.2, 1287.2)	,dir: (-1135.3, 1262.2, 1287.2)	,segment: 0
25	|| pos: (-1164.1, 1261.7, 1245.5)	,dir: (-1164.1, 1261.7, 1245.5)	,segment: 0
26	|| pos: (-1185.5, 1260.1, 1199.7)	,dir: (-1185.5, 1260.1, 1199.7)	,segment: 0
27	|| pos: (-1200.1, 1257.6, 1151.5)	,dir: (-1200.1, 1257.6, 1151.5)	,segment: 0
28	|| pos: (-1208.1, 1254.5, 1101.5)	,dir: (-1208.1, 1254.5, 1101.5)	,segment: 0
29	|| pos: (-1209.3, 1251.1, 1051.0)	,dir: (-1209.3, 1251.1, 1051.0)	,segment: 0
30	|| pos: (-1203.5, 1247.3, 1000.4)	,dir: (-1203.5, 1247.3, 1000.4)	,segment: 0
31	|| pos: (-1190.2, 1243.5, 951.0)	,dir: (-1190.2, 1243.5, 951.0)	,segment: 0
32	|| pos: (-1169.9, 1239.7, 904.7)	,dir: (-1169.9, 1239.7, 904.7)	,segment: 0
33	|| pos: (-1147.6, 1235.9, 859.4)	,dir: (-1147.6, 1235.9, 859.4)	,segment: 0
34	|| pos: (-1126.3, 1232.4, 813.8)	,dir: (-1126.3, 1232.4, 813.8)	,segment: 0
35	|| pos: (-1104.8, 1230.5, 768.1)	,dir: (-1104.8, 1230.5, 768.1)	,segment: 0
36	|| pos: (-1082.1, 1229.3, 723.6)	,dir: (-1082.1, 1229.3, 723.6)	,segment: 0
37	|| pos: (-1058.6, 1228.0, 678.7)	,dir: (-1058.6, 1228.0, 678.7)	,segment: 0
38	|| pos: (-1036.3, 1226.2, 633.6)	,dir: (-1036.3, 1226.2, 633.6)	,segment: 0
39	|| pos: (-1016.2, 1223.4, 587.5)	,dir: (-1016.2, 1223.4, 587.5)	,segment: 0
40	|| pos: (-998.4, 1219.9, 540.8)	,dir: (-998.4, 1219.9, 540.8)	,segment: 0
41	|| pos: (-983.8, 1215.6, 492.8)	,dir: (-983.8, 1215.6, 492.8)	,segment: 0
42	|| pos: (-974.8, 1210.4, 446.0)	,dir: (-974.8, 1210.4, 446.0)	,segment: 0
43	|| pos: (-981.2, 1203.2, 396.5)	,dir: (-981.2, 1203.2, 396.5)	,segment: 0
44	|| pos: (-1024.5, 1186.2, 388.3)	,dir: (-1024.5, 1186.2, 388.3)	,segment: 0
45	|| pos: (-1048.9, 1175.9, 403.1)	,dir: (-1048.9, 1175.9, 403.1)	,segment: 0
46	|| pos: (-1075.0, 1164.0, 435.4)	,dir: (-1075.0, 1164.0, 435.4)	,segment: 0
47	|| pos: (-1099.2, 1153.4, 478.1)	,dir: (-1099.2, 1153.4, 478.1)	,segment: 0
48	|| pos: (-1119.9, 1144.7, 523.9)	,dir: (-1119.9, 1144.7, 523.9)	,segment: 0
49	|| pos: (-1138.0, 1137.7, 570.7)	,dir: (-1138.0, 1137.7, 570.7)	,segment: 0
50	|| pos: (-1154.5, 1131.5, 618.0)	,dir: (-1154.5, 1131.5, 618.0)	,segment: 0
51	|| pos: (-1170.2, 1125.5, 665.6)	,dir: (-1170.2, 1125.5, 665.6)	,segment: 0
52	|| pos: (-1183.3, 1102.2, 704.9)	,dir: (-1183.3, 1102.2, 704.9)	,segment: 0
53	|| pos: (-1199.7, 1089.2, 750.0)	,dir: (-1199.7, 1089.2, 750.0)	,segment: 0
54	|| pos: (-1218.7, 1088.2, 795.6)	,dir: (-1218.7, 1088.2, 795.6)	,segment: 0
55	|| pos: (-1246.2, 1086.2, 835.7)	,dir: (-1246.2, 1086.2, 835.7)	,segment: 0
56	|| pos: (-1285.4, 1080.3, 863.1)	,dir: (-1285.4, 1080.3, 863.1)	,segment: 0
57	|| pos: (-1328.4, 1071.4, 867.8)	,dir: (-1328.4, 1071.4, 867.8)	,segment: 0
58	|| pos: (-1369.2, 1061.9, 849.9)	,dir: (-1369.2, 1061.9, 849.9)	,segment: 0
59	|| pos: (-1404.1, 1051.9, 817.0)	,dir: (-1404.1, 1051.9, 817.0)	,segment: 0
60	|| pos: (-1434.7, 1040.5, 778.2)	,dir: (-1434.7, 1040.5, 778.2)	,segment: 0
61	|| pos: (-1458.8, 1029.5, 735.2)	,dir: (-1458.8, 1029.5, 735.2)	,segment: 0
62	|| pos: (-1479.0, 1023.2, 689.3)	,dir: (-1479.0, 1023.2, 689.3)	,segment: 0
63	|| pos: (-1501.0, 1022.7, 643.9)	,dir: (-1501.0, 1022.7, 643.9)	,segment: 0
64	|| pos: (-1526.2, 1022.2, 600.2)	,dir: (-1526.2, 1022.2, 600.2)	,segment: 0
65	|| pos: (-1556.3, 1021.1, 560.9)	,dir: (-1556.3, 1021.1, 560.9)	,segment: 0
66	|| pos: (-1594.6, 1018.3, 532.7)	,dir: (-1594.6, 1018.3, 532.7)	,segment: 0
67	|| pos: (-1639.7, 1013.4, 530.2)	,dir: (-1639.7, 1013.4, 530.2)	,segment: 0
68	|| pos: (-1680.3, 1006.5, 551.6)	,dir: (-1680.3, 1006.5, 551.6)	,segment: 0
69	|| pos: (-1717.4, 999.1, 584.7)	,dir: (-1717.4, 999.1, 584.7)	,segment: 0
70	|| pos: (-1750.9, 991.5, 621.6)	,dir: (-1750.9, 991.5, 621.6)	,segment: 0
71	|| pos: (-1782.7, 983.7, 659.8)	,dir: (-1782.7, 983.7, 659.8)	,segment: 0
72	|| pos: (-1813.9, 975.5, 698.7)	,dir: (-1813.9, 975.5, 698.7)	,segment: 0
73	|| pos: (-1844.2, 967.7, 738.1)	,dir: (-1844.2, 967.7, 738.1)	,segment: 0
74	|| pos: (-1873.1, 961.0, 778.7)	,dir: (-1873.1, 961.0, 778.7)	,segment: 0
75	|| pos: (-1900.4, 956.2, 820.6)	,dir: (-1900.4, 956.2, 820.6)	,segment: 0
76	|| pos: (-1918.9, 949.0, 868.8)	,dir: (-1918.9, 949.0, 868.8)	,segment: 0
77	|| pos: (-1918.5, 937.9, 920.7)	,dir: (-1918.5, 937.9, 920.7)	,segment: 0
78	|| pos: (-1898.9, 925.0, 968.3)	,dir: (-1898.9, 925.0, 968.3)	,segment: 0
79	|| pos: (-1867.7, 912.3, 1008.0)	,dir: (-1867.7, 912.3, 1008.0)	,segment: 0
80	|| pos: (-1829.7, 900.8, 1041.0)	,dir: (-1829.7, 900.8, 1041.0)	,segment: 0
81	|| pos: (-1787.9, 892.3, 1067.5)	,dir: (-1787.9, 892.3, 1067.5)	,segment: 0
82	|| pos: (-1743.3, 889.0, 1091.1)	,dir: (-1743.3, 889.0, 1091.1)	,segment: 0
83	|| pos: (-1700.3, 886.3, 1116.7)	,dir: (-1700.3, 886.3, 1116.7)	,segment: 0
84	|| pos: (-1658.7, 883.9, 1145.6)	,dir: (-1658.7, 883.9, 1145.6)	,segment: 0
85	|| pos: (-1619.8, 881.5, 1178.3)	,dir: (-1619.8, 881.5, 1178.3)	,segment: 0
86	|| pos: (-1585.7, 879.2, 1215.3)	,dir: (-1585.7, 879.2, 1215.3)	,segment: 0
87	|| pos: (-1558.8, 876.7, 1257.7)	,dir: (-1558.8, 876.7, 1257.7)	,segment: 0
88	|| pos: (-1542.6, 873.8, 1304.9)	,dir: (-1542.6, 873.8, 1304.9)	,segment: 0
89	|| pos: (-1539.4, 870.1, 1355.0)	,dir: (-1539.4, 870.1, 1355.0)	,segment: 0
90	|| pos: (-1544.4, 865.6, 1405.2)	,dir: (-1544.4, 865.6, 1405.2)	,segment: 0
91	|| pos: (-1558.6, 860.1, 1453.6)	,dir: (-1558.6, 860.1, 1453.6)	,segment: 0
92	|| pos: (-1578.2, 854.3, 1499.2)	,dir: (-1578.2, 854.3, 1499.2)	,segment: 0
93	|| pos: (-1599.0, 848.4, 1544.9)	,dir: (-1599.0, 848.4, 1544.9)	,segment: 0
94	|| pos: (-1620.1, 842.6, 1590.5)	,dir: (-1620.1, 842.6, 1590.5)	,segment: 0
95	|| pos: (-1644.0, 836.5, 1634.5)	,dir: (-1644.0, 836.5, 1634.5)	,segment: 0
96	|| pos: (-1673.8, 830.2, 1674.5)	,dir: (-1673.8, 830.2, 1674.5)	,segment: 0
97	|| pos: (-1716.1, 823.3, 1702.8)	,dir: (-1716.1, 823.3, 1702.8)	,segment: 0
98	|| pos: (-1767.6, 817.2, 1704.4)	,dir: (-1767.6, 817.2, 1704.4)	,segment: 0
99	|| pos: (-1816.0, 812.4, 1689.9)	,dir: (-1816.0, 812.4, 1689.9)	,segment: 0
100	|| pos: (-1862.3, 808.0, 1670.9)	,dir: (-1862.3, 808.0, 1670.9)	,segment: 0
101	|| pos: (-1908.2, 803.7, 1650.4)	,dir: (-1908.2, 803.7, 1650.4)	,segment: 0
102	|| pos: (-1950.1, 799.7, 1623.0)	,dir: (-1950.1, 799.7, 1623.0)	,segment: 0
103	|| pos: (-1992.1, 795.6, 1594.8)	,dir: (-1992.1, 795.6, 1594.8)	,segment: 0
104	|| pos: (-2039.5, 792.1, 1577.0)	,dir: (-2039.5, 792.1, 1577.0)	,segment: 0
105	|| pos: (-2089.3, 788.5, 1568.7)	,dir: (-2089.3, 788.5, 1568.7)	,segment: 0
106	|| pos: (-2136.6, 785.1, 1550.4)	,dir: (-2136.6, 785.1, 1550.4)	,segment: 0
107	|| pos: (-2174.9, 781.5, 1517.6)	,dir: (-2174.9, 781.5, 1517.6)	,segment: 0
108	|| pos: (-2215.4, 778.1, 1487.8)	,dir: (-2215.4, 778.1, 1487.8)	,segment: 0
109	|| pos: (-2262.6, 775.7, 1469.8)	,dir: (-2262.6, 775.7, 1469.8)	,segment: 0
110	|| pos: (-2310.2, 773.5, 1455.0)	,dir: (-2310.2, 773.5, 1455.0)	,segment: 0
111	|| pos: (-2357.7, 771.3, 1437.6)	,dir: (-2357.7, 771.3, 1437.6)	,segment: 0
112	|| pos: (-2404.7, 769.2, 1415.7)	,dir: (-2404.7, 769.2, 1415.7)	,segment: 0
113	|| pos: (-2448.4, 767.8, 1390.3)	,dir: (-2448.4, 767.8, 1390.3)	,segment: 0
114	|| pos: (-2485.0, 767.7, 1350.7)	,dir: (-2485.0, 767.7, 1350.7)	,segment: 0
115	|| pos: (-2500.0, 766.7, 1300.8)	,dir: (-2500.0, 766.7, 1300.8)	,segment: 0
116	|| pos: (-2517.4, 762.3, 1255.5)	,dir: (-2517.4, 762.3, 1255.5)	,segment: 0
117	|| pos: (-2551.7, 751.6, 1222.1)	,dir: (-2551.7, 751.6, 1222.1)	,segment: 0
118	|| pos: (-2595.5, 736.3, 1223.2)	,dir: (-2595.5, 736.3, 1223.2)	,segment: 0
119	|| pos: (-2633.3, 722.0, 1247.0)	,dir: (-2633.3, 722.0, 1247.0)	,segment: 0
120	|| pos: (-2661.8, 710.8, 1285.2)	,dir: (-2661.8, 710.8, 1285.2)	,segment: 0
121	|| pos: (-2686.3, 702.6, 1326.6)	,dir: (-2686.3, 702.6, 1326.6)	,segment: 0
122	|| pos: (-2713.4, 694.6, 1368.6)	,dir: (-2713.4, 694.6, 1368.6)	,segment: 0
123	|| pos: (-2742.0, 687.4, 1409.9)	,dir: (-2742.0, 687.4, 1409.9)	,segment: 0
124	|| pos: (-2770.5, 679.9, 1451.4)	,dir: (-2770.5, 679.9, 1451.4)	,segment: 0
125	|| pos: (-2804.2, 668.1, 1485.9)	,dir: (-2804.2, 668.1, 1485.9)	,segment: 0
126	|| pos: (-2846.4, 648.4, 1493.9)	,dir: (-2846.4, 648.4, 1493.9)	,segment: 0
127	|| pos: (-2888.4, 624.8, 1478.8)	,dir: (-2888.4, 624.8, 1478.8)	,segment: 0
128	|| pos: (-2902.5, 606.1, 1431.5)	,dir: (-2902.5, 606.1, 1431.5)	,segment: 0
129	|| pos: (-2876.3, 605.3, 1386.2)	,dir: (-2876.3, 605.3, 1386.2)	,segment: 0
130	|| pos: (-2833.0, 605.6, 1359.6)	,dir: (-2833.0, 605.6, 1359.6)	,segment: 0
131	|| pos: (-2798.1, 605.2, 1322.9)	,dir: (-2798.1, 605.2, 1322.9)	,segment: 0
132	|| pos: (-2764.4, 594.6, 1286.9)	,dir: (-2764.4, 594.6, 1286.9)	,segment: 0
133	|| pos: (-2735.1, 593.0, 1249.5)	,dir: (-2735.1, 593.0, 1249.5)	,segment: 0
134	|| pos: (-2752.0, 580.4, 1216.5)	,dir: (-2752.0, 580.4, 1216.5)	,segment: 0
135	|| pos: (-2747.1, 581.0, 1218.6)	,dir: (-2747.1, 581.0, 1218.6)	,segment: 0
136	|| pos: (-2758.4, 576.9, 1219.9)	,dir: (-2758.4, 576.9, 1219.9)	,segment: 0
137	|| pos: (-2791.5, 564.3, 1237.2)	,dir: (-2791.5, 564.3, 1237.2)	,segment: 0
138	|| pos: (-2821.5, 559.0, 1280.5)	,dir: (-2821.5, 559.0, 1280.5)	,segment: 0
139	|| pos: (-2848.7, 549.2, 1323.0)	,dir: (-2848.7, 549.2, 1323.0)	,segment: 0
140	|| pos: (-2874.3, 537.3, 1365.4)	,dir: (-2874.3, 537.3, 1365.4)	,segment: 0
141	|| pos: (-2898.3, 523.7, 1407.5)	,dir: (-2898.3, 523.7, 1407.5)	,segment: 0
142	|| pos: (-2918.6, 506.6, 1449.5)	,dir: (-2918.6, 506.6, 1449.5)	,segment: 0
143	|| pos: (-2946.3, 487.0, 1479.7)	,dir: (-2946.3, 487.0, 1479.7)	,segment: 0
144	|| pos: (-2978.4, 461.0, 1479.0)	,dir: (-2978.4, 461.0, 1479.0)	,segment: 0
145	|| pos: (-2997.6, 440.8, 1456.5)	,dir: (-2997.6, 440.8, 1456.5)	,segment: 0
146	|| pos: (-2996.9, 430.8, 1426.7)	,dir: (-2996.9, 430.8, 1426.7)	,segment: 0
147	|| pos: (-2984.9, 418.3, 1375.8)	,dir: (-2984.9, 418.3, 1375.8)	,segment: 0
148	|| pos: (-2972.1, 403.2, 1326.5)	,dir: (-2972.1, 403.2, 1326.5)	,segment: 0
149	|| pos: (-2963.1, 384.2, 1279.7)	,dir: (-2963.1, 384.2, 1279.7)	,segment: 0
150	|| pos: (-2958.7, 367.8, 1231.0)	,dir: (-2958.7, 367.8, 1231.0)	,segment: 0
151	|| pos: (-2965.4, 364.8, 1181.0)	,dir: (-2965.4, 364.8, 1181.0)	,segment: 0
152	|| pos: (-3017.3, 279.2, 1006.8)	,dir: (-3017.3, 279.2, 1006.8)	,segment: 0
153	|| pos: (-3012.1, 272.6, 954.1)	,dir: (-3012.1, 272.6, 954.1)	,segment: 0
154	|| pos: (-2996.8, 267.8, 909.2)	,dir: (-2996.8, 267.8, 909.2)	,segment: 0
155	|| pos: (-2973.8, 262.9, 868.1)	,dir: (-2973.8, 262.9, 868.1)	,segment: 0
156	|| pos: (-2941.7, 257.7, 830.0)	,dir: (-2941.7, 257.7, 830.0)	,segment: 0
157	|| pos: (-2900.8, 252.3, 800.7)	,dir: (-2900.8, 252.3, 800.7)	,segment: 0
158	|| pos: (-2857.1, 247.6, 776.7)	,dir: (-2857.1, 247.6, 776.7)	,segment: 0
159	|| pos: (-2812.9, 243.4, 753.1)	,dir: (-2812.9, 243.4, 753.1)	,segment: 0
160	|| pos: (-2768.2, 239.3, 729.8)	,dir: (-2768.2, 239.3, 729.8)	,segment: 0
161	|| pos: (-2723.5, 234.8, 706.7)	,dir: (-2723.5, 234.8, 706.7)	,segment: 0
162	|| pos: (-2678.8, 229.2, 683.7)	,dir: (-2678.8, 229.2, 683.7)	,segment: 0
163	|| pos: (-2634.8, 220.2, 660.3)	,dir: (-2634.8, 220.2, 660.3)	,segment: 0
164	|| pos: (-2604.0, 207.7, 627.2)	,dir: (-2604.0, 207.7, 627.2)	,segment: 0
165	|| pos: (-2605.3, 198.0, 588.5)	,dir: (-2605.3, 198.0, 588.5)	,segment: 0
166	|| pos: (-2627.8, 191.6, 559.2)	,dir: (-2627.8, 191.6, 559.2)	,segment: 0
167	|| pos: (-2666.3, 185.8, 539.0)	,dir: (-2666.3, 185.8, 539.0)	,segment: 0
168	|| pos: (-2715.5, 179.5, 538.0)	,dir: (-2715.5, 179.5, 538.0)	,segment: 0
169	|| pos: (-2759.8, 172.6, 561.7)	,dir: (-2759.8, 172.6, 561.7)	,segment: 0
170	|| pos: (-2799.2, 166.9, 588.4)	,dir: (-2799.2, 166.9, 588.4)	,segment: 0
171	|| pos: (-2838.8, 162.1, 615.5)	,dir: (-2838.8, 162.1, 615.5)	,segment: 0
172	|| pos: (-2880.3, 157.6, 644.5)	,dir: (-2880.3, 157.6, 644.5)	,segment: 0
173	|| pos: (-2921.6, 153.7, 674.0)	,dir: (-2921.6, 153.7, 674.0)	,segment: 0
174	|| pos: (-2962.2, 150.4, 703.9)	,dir: (-2962.2, 150.4, 703.9)	,segment: 0
175	|| pos: (-3002.3, 147.7, 734.6)	,dir: (-3002.3, 147.7, 734.6)	,segment: 0
176	|| pos: (-3042.6, 144.4, 768.2)	,dir: (-3042.6, 144.4, 768.2)	,segment: 0
177	|| pos: (-3076.9, 139.5, 801.0)	,dir: (-3076.9, 139.5, 801.0)	,segment: 0
178	|| pos: (-3110.4, 133.6, 838.9)	,dir: (-3110.4, 133.6, 838.9)	,segment: 0
179	|| pos: (-3139.9, 127.8, 882.0)	,dir: (-3139.9, 127.8, 882.0)	,segment: 0
180	|| pos: (-3162.2, 123.7, 929.3)	,dir: (-3162.2, 123.7, 929.3)	,segment: 0
181	|| pos: (-3180.3, 121.3, 976.1)	,dir: (-3180.3, 121.3, 976.1)	,segment: 0
182	|| pos: (-3197.0, 120.8, 1021.9)	,dir: (-3197.0, 120.8, 1021.9)	,segment: 0
183	|| pos: (-3216.2, 121.7, 1068.6)	,dir: (-3216.2, 121.7, 1068.6)	,segment: 0
184	|| pos: (-3240.4, 124.3, 1113.9)	,dir: (-3240.4, 124.3, 1113.9)	,segment: 0
185	|| pos: (-3280.1, 130.7, 1146.4)	,dir: (-3280.1, 130.7, 1146.4)	,segment: 0
186	|| pos: (-3322.9, 138.2, 1172.4)	,dir: (-3322.9, 138.2, 1172.4)	,segment: 0
187	|| pos: (-3365.4, 145.5, 1198.5)	,dir: (-3365.4, 145.5, 1198.5)	,segment: 0
188	|| pos: (-3403.6, 151.7, 1229.4)	,dir: (-3403.6, 151.7, 1229.4)	,segment: 0
189	|| pos: (-3429.4, 154.8, 1269.1)	,dir: (-3429.4, 154.8, 1269.1)	,segment: 0
190	|| pos: (-3449.1, 156.4, 1314.0)	,dir: (-3449.1, 156.4, 1314.0)	,segment: 0
191	|| pos: (-3463.6, 156.9, 1358.5)	,dir: (-3463.6, 156.9, 1358.5)	,segment: 0
192	|| pos: (-3453.8, 153.5, 1403.1)	,dir: (-3453.8, 153.5, 1403.1)	,segment: 0
193	|| pos: (-3414.3, 142.9, 1424.1)	,dir: (-3414.3, 142.9, 1424.1)	,segment: 0
194	|| pos: (-3376.9, 136.0, 1408.2)	,dir: (-3376.9, 136.0, 1408.2)	,segment: 0
195	|| pos: (-3353.9, 132.9, 1379.7)	,dir: (-3353.9, 132.9, 1379.7)	,segment: 0
196	|| pos: (-3333.6, 131.2, 1335.6)	,dir: (-3333.6, 131.2, 1335.6)	,segment: 0
197	|| pos: (-3312.4, 130.2, 1287.8)	,dir: (-3312.4, 130.2, 1287.8)	,segment: 0
198	|| pos: (-3291.4, 131.5, 1241.5)	,dir: (-3291.4, 131.5, 1241.5)	,segment: 0
199	|| pos: (-3270.5, 133.2, 1195.9)	,dir: (-3270.5, 133.2, 1195.9)	,segment: 0
200	|| pos: (-3249.7, 134.9, 1150.2)	,dir: (-3249.7, 134.9, 1150.2)	,segment: 0
201	|| pos: (-3228.8, 135.6, 1104.0)	,dir: (-3228.8, 135.6, 1104.0)	,segment: 0
202	|| pos: (-3193.7, 120.6, 1013.0)	,dir: (-3193.7, 120.6, 1013.0)	,segment: 0
203	|| pos: (-3176.5, 121.8, 965.7)	,dir: (-3176.5, 121.8, 965.7)	,segment: 0
204	|| pos: (-3157.8, 124.6, 919.0)	,dir: (-3157.8, 124.6, 919.0)	,segment: 0
205	|| pos: (-3135.2, 128.6, 874.2)	,dir: (-3135.2, 128.6, 874.2)	,segment: 0
206	|| pos: (-3106.1, 134.3, 833.6)	,dir: (-3106.1, 134.3, 833.6)	,segment: 0
207	|| pos: (-3072.6, 140.2, 796.6)	,dir: (-3072.6, 140.2, 796.6)	,segment: 0
208	|| pos: (-3036.0, 145.0, 762.4)	,dir: (-3036.0, 145.0, 762.4)	,segment: 0
209	|| pos: (-2997.2, 147.9, 730.6)	,dir: (-2997.2, 147.9, 730.6)	,segment: 0
210	|| pos: (-2957.9, 150.7, 700.7)	,dir: (-2957.9, 150.7, 700.7)	,segment: 0
211	|| pos: (-2917.2, 154.1, 670.8)	,dir: (-2917.2, 154.1, 670.8)	,segment: 0
212	|| pos: (-2876.2, 158.1, 641.6)	,dir: (-2876.2, 158.1, 641.6)	,segment: 0
213	|| pos: (-2835.4, 162.6, 613.2)	,dir: (-2835.4, 162.6, 613.2)	,segment: 0
214	|| pos: (-2794.1, 167.7, 584.9)	,dir: (-2794.1, 167.7, 584.9)	,segment: 0
215	|| pos: (-2752.7, 173.7, 557.0)	,dir: (-2752.7, 173.7, 557.0)	,segment: 0
216	|| pos: (-2710.1, 180.1, 536.8)	,dir: (-2710.1, 180.1, 536.8)	,segment: 0
217	|| pos: (-2663.9, 186.2, 540.0)	,dir: (-2663.9, 186.2, 540.0)	,segment: 0
218	|| pos: (-2622.4, 192.9, 564.0)	,dir: (-2622.4, 192.9, 564.0)	,segment: 0
219	|| pos: (-2600.7, 203.3, 610.6)	,dir: (-2600.7, 203.3, 610.6)	,segment: 0
220	|| pos: (-2622.7, 216.5, 651.8)	,dir: (-2622.7, 216.5, 651.8)	,segment: 0
221	|| pos: (-2658.3, 225.8, 672.9)	,dir: (-2658.3, 225.8, 672.9)	,segment: 0
222	|| pos: (-2697.0, 231.7, 693.0)	,dir: (-2697.0, 231.7, 693.0)	,segment: 0
223	|| pos: (-2739.0, 236.3, 714.7)	,dir: (-2739.0, 236.3, 714.7)	,segment: 0
224	|| pos: (-2783.1, 240.6, 737.5)	,dir: (-2783.1, 240.6, 737.5)	,segment: 0
225	|| pos: (-2827.7, 244.8, 760.9)	,dir: (-2827.7, 244.8, 760.9)	,segment: 0
226	|| pos: (-2871.9, 249.1, 784.7)	,dir: (-2871.9, 249.1, 784.7)	,segment: 0
227	|| pos: (-2915.4, 254.0, 809.2)	,dir: (-2915.4, 254.0, 809.2)	,segment: 0
228	|| pos: (-2952.9, 259.3, 841.5)	,dir: (-2952.9, 259.3, 841.5)	,segment: 0
229	|| pos: (-2982.2, 264.5, 881.3)	,dir: (-2982.2, 264.5, 881.3)	,segment: 0
230	|| pos: (-3004.0, 269.7, 926.9)	,dir: (-3004.0, 269.7, 926.9)	,segment: 0
231	|| pos: (-3016.0, 274.8, 976.7)	,dir: (-3016.0, 274.8, 976.7)	,segment: 0
232	|| pos: (-3015.7, 281.2, 1029.5)	,dir: (-3015.7, 281.2, 1029.5)	,segment: 0
233	|| pos: (-3005.6, 290.8, 1079.0)	,dir: (-3005.6, 290.8, 1079.0)	,segment: 0
234	|| pos: (-2990.2, 313.7, 1120.9)	,dir: (-2990.2, 313.7, 1120.9)	,segment: 0
235	|| pos: (-2975.1, 343.6, 1156.4)	,dir: (-2975.1, 343.6, 1156.4)	,segment: 0
236	|| pos: (-2962.6, 367.1, 1189.1)	,dir: (-2962.6, 367.1, 1189.1)	,segment: 0
237	|| pos: (-2958.5, 366.9, 1229.1)	,dir: (-2958.5, 366.9, 1229.1)	,segment: 0
238	|| pos: (-2961.2, 378.6, 1264.7)	,dir: (-2961.2, 378.6, 1264.7)	,segment: 0
239	|| pos: (-2967.6, 394.9, 1305.5)	,dir: (-2967.6, 394.9, 1305.5)	,segment: 0
240	|| pos: (-2977.4, 410.2, 1347.6)	,dir: (-2977.4, 410.2, 1347.6)	,segment: 0
241	|| pos: (-2989.1, 422.3, 1391.7)	,dir: (-2989.1, 422.3, 1391.7)	,segment: 0
242	|| pos: (-2998.7, 434.3, 1439.7)	,dir: (-2998.7, 434.3, 1439.7)	,segment: 0
243	|| pos: (-2983.8, 459.9, 1474.5)	,dir: (-2983.8, 459.9, 1474.5)	,segment: 0
244	|| pos: (-2968.9, 468.2, 1481.9)	,dir: (-2968.9, 468.2, 1481.9)	,segment: 0
245	|| pos: (-2943.5, 487.1, 1490.3)	,dir: (-2943.5, 487.1, 1490.3)	,segment: 0
246	|| pos: (-2926.3, 500.4, 1462.1)	,dir: (-2926.3, 500.4, 1462.1)	,segment: 0
247	|| pos: (-2910.2, 514.8, 1430.8)	,dir: (-2910.2, 514.8, 1430.8)	,segment: 0
248	|| pos: (-2892.2, 527.5, 1396.4)	,dir: (-2892.2, 527.5, 1396.4)	,segment: 0
249	|| pos: (-2871.2, 538.9, 1360.1)	,dir: (-2871.2, 538.9, 1360.1)	,segment: 0
250	|| pos: (-2848.1, 549.4, 1322.0)	,dir: (-2848.1, 549.4, 1322.0)	,segment: 0
251	|| pos: (-2822.8, 558.6, 1282.4)	,dir: (-2822.8, 558.6, 1282.4)	,segment: 0
252	|| pos: (-2795.1, 564.4, 1241.8)	,dir: (-2795.1, 564.4, 1241.8)	,segment: 0
253	|| pos: (-2767.0, 566.0, 1211.2)	,dir: (-2767.0, 566.0, 1211.2)	,segment: 0
254	|| pos: (-2750.4, 584.5, 1227.7)	,dir: (-2750.4, 584.5, 1227.7)	,segment: 0
255	|| pos: (-2729.8, 592.4, 1227.7)	,dir: (-2729.8, 592.4, 1227.7)	,segment: 0
256	|| pos: (-2734.7, 593.1, 1248.7)	,dir: (-2734.7, 593.1, 1248.7)	,segment: 0
257	|| pos: (-2754.7, 592.4, 1276.0)	,dir: (-2754.7, 592.4, 1276.0)	,segment: 0
258	|| pos: (-2784.3, 600.9, 1308.3)	,dir: (-2784.3, 600.9, 1308.3)	,segment: 0
259	|| pos: (-2816.6, 606.9, 1344.2)	,dir: (-2816.6, 606.9, 1344.2)	,segment: 0
260	|| pos: (-2857.9, 605.4, 1373.4)	,dir: (-2857.9, 605.4, 1373.4)	,segment: 0
261	|| pos: (-2894.1, 604.7, 1408.0)	,dir: (-2894.1, 604.7, 1408.0)	,segment: 0
262	|| pos: (-2902.1, 612.4, 1453.8)	,dir: (-2902.1, 612.4, 1453.8)	,segment: 0
263	|| pos: (-2884.5, 625.9, 1482.2)	,dir: (-2884.5, 625.9, 1482.2)	,segment: 0
264	|| pos: (-2859.0, 641.6, 1492.3)	,dir: (-2859.0, 641.6, 1492.3)	,segment: 0
265	|| pos: (-2824.0, 659.3, 1492.1)	,dir: (-2824.0, 659.3, 1492.1)	,segment: 0
266	|| pos: (-2789.0, 673.9, 1475.9)	,dir: (-2789.0, 673.9, 1475.9)	,segment: 0
267	|| pos: (-2763.3, 681.8, 1440.9)	,dir: (-2763.3, 681.8, 1440.9)	,segment: 0
268	|| pos: (-2738.0, 688.4, 1404.2)	,dir: (-2738.0, 688.4, 1404.2)	,segment: 0
269	|| pos: (-2710.9, 695.6, 1364.8)	,dir: (-2710.9, 695.6, 1364.8)	,segment: 0
270	|| pos: (-2683.7, 703.8, 1322.4)	,dir: (-2683.7, 703.8, 1322.4)	,segment: 0
271	|| pos: (-2660.8, 711.5, 1283.5)	,dir: (-2660.8, 711.5, 1283.5)	,segment: 0
272	|| pos: (-2637.2, 720.3, 1250.7)	,dir: (-2637.2, 720.3, 1250.7)	,segment: 0
273	|| pos: (-2605.2, 732.6, 1227.7)	,dir: (-2605.2, 732.6, 1227.7)	,segment: 0
274	|| pos: (-2567.6, 745.3, 1218.7)	,dir: (-2567.6, 745.3, 1218.7)	,segment: 0
275	|| pos: (-2532.3, 757.8, 1235.2)	,dir: (-2532.3, 757.8, 1235.2)	,segment: 0
276	|| pos: (-2510.1, 764.2, 1270.7)	,dir: (-2510.1, 764.2, 1270.7)	,segment: 0
277	|| pos: (-2497.5, 767.2, 1310.7)	,dir: (-2497.5, 767.2, 1310.7)	,segment: 0
278	|| pos: (-2482.8, 767.8, 1355.0)	,dir: (-2482.8, 767.8, 1355.0)	,segment: 0
279	|| pos: (-2446.7, 767.9, 1391.5)	,dir: (-2446.7, 767.9, 1391.5)	,segment: 0
280	|| pos: (-2402.1, 769.3, 1417.1)	,dir: (-2402.1, 769.3, 1417.1)	,segment: 0
281	|| pos: (-2355.7, 771.5, 1438.4)	,dir: (-2355.7, 771.5, 1438.4)	,segment: 0
282	|| pos: (-2308.8, 773.7, 1455.5)	,dir: (-2308.8, 773.7, 1455.5)	,segment: 0
283	|| pos: (-2260.0, 775.8, 1470.6)	,dir: (-2260.0, 775.8, 1470.6)	,segment: 0
284	|| pos: (-2212.9, 778.1, 1488.9)	,dir: (-2212.9, 778.1, 1488.9)	,segment: 0
285	|| pos: (-2172.6, 781.7, 1519.8)	,dir: (-2172.6, 781.7, 1519.8)	,segment: 0
286	|| pos: (-2133.1, 785.2, 1552.6)	,dir: (-2133.1, 785.2, 1552.6)	,segment: 0
287	|| pos: (-2084.9, 788.8, 1569.6)	,dir: (-2084.9, 788.8, 1569.6)	,segment: 0
288	|| pos: (-2034.4, 793.0, 1578.3)	,dir: (-2034.4, 793.0, 1578.3)	,segment: 0
289	|| pos: (-1987.9, 796.4, 1597.4)	,dir: (-1987.9, 796.4, 1597.4)	,segment: 0
290	|| pos: (-1946.1, 800.1, 1625.9)	,dir: (-1946.1, 800.1, 1625.9)	,segment: 0
291	|| pos: (-1903.2, 804.0, 1653.0)	,dir: (-1903.2, 804.0, 1653.0)	,segment: 0
292	|| pos: (-1857.3, 808.5, 1673.0)	,dir: (-1857.3, 808.5, 1673.0)	,segment: 0
293	|| pos: (-1810.6, 812.9, 1691.9)	,dir: (-1810.6, 812.9, 1691.9)	,segment: 0
294	|| pos: (-1760.7, 817.9, 1705.6)	,dir: (-1760.7, 817.9, 1705.6)	,segment: 0
295	|| pos: (-1709.1, 824.3, 1700.1)	,dir: (-1709.1, 824.3, 1700.1)	,segment: 0
296	|| pos: (-1668.8, 831.2, 1668.9)	,dir: (-1668.8, 831.2, 1668.9)	,segment: 0
297	|| pos: (-1638.3, 837.9, 1625.0)	,dir: (-1638.3, 837.9, 1625.0)	,segment: 0
298	|| pos: (-1597.9, 848.6, 1542.5)	,dir: (-1597.9, 848.6, 1542.5)	,segment: 0
299	|| pos: (-1561.2, 859.1, 1460.3)	,dir: (-1561.2, 859.1, 1460.3)	,segment: 0
300	|| pos: (-1540.2, 868.5, 1372.7)	,dir: (-1540.2, 868.5, 1372.7)	,segment: 0
301	|| pos: (-1548.4, 875.1, 1282.7)	,dir: (-1548.4, 875.1, 1282.7)	,segment: 0
302	|| pos: (-1569.3, 877.9, 1238.8)	,dir: (-1569.3, 877.9, 1238.8)	,segment: 0
303	|| pos: (-1599.8, 880.2, 1198.6)	,dir: (-1599.8, 880.2, 1198.6)	,segment: 0
304	|| pos: (-1636.3, 882.5, 1163.5)	,dir: (-1636.3, 882.5, 1163.5)	,segment: 0
305	|| pos: (-1676.3, 884.8, 1132.8)	,dir: (-1676.3, 884.8, 1132.8)	,segment: 0
306	|| pos: (-1718.6, 887.4, 1105.4)	,dir: (-1718.6, 887.4, 1105.4)	,segment: 0
307	|| pos: (-1762.3, 890.4, 1080.7)	,dir: (-1762.3, 890.4, 1080.7)	,segment: 0
308	|| pos: (-1806.2, 895.3, 1057.0)	,dir: (-1806.2, 895.3, 1057.0)	,segment: 0
309	|| pos: (-1846.0, 905.4, 1028.2)	,dir: (-1846.0, 905.4, 1028.2)	,segment: 0
310	|| pos: (-1880.3, 917.1, 994.0)	,dir: (-1880.3, 917.1, 994.0)	,segment: 0
311	|| pos: (-1907.0, 929.4, 953.5)	,dir: (-1907.0, 929.4, 953.5)	,segment: 0
312	|| pos: (-1920.7, 941.2, 906.3)	,dir: (-1920.7, 941.2, 906.3)	,segment: 0
313	|| pos: (-1915.9, 951.3, 856.2)	,dir: (-1915.9, 951.3, 856.2)	,segment: 0
314	|| pos: (-1894.2, 957.2, 810.3)	,dir: (-1894.2, 957.2, 810.3)	,segment: 0
315	|| pos: (-1866.2, 962.3, 768.6)	,dir: (-1866.2, 962.3, 768.6)	,segment: 0
316	|| pos: (-1836.9, 969.4, 728.3)	,dir: (-1836.9, 969.4, 728.3)	,segment: 0
317	|| pos: (-1806.3, 977.5, 689.1)	,dir: (-1806.3, 977.5, 689.1)	,segment: 0
318	|| pos: (-1775.4, 985.5, 650.9)	,dir: (-1775.4, 985.5, 650.9)	,segment: 0
319	|| pos: (-1743.3, 993.3, 612.9)	,dir: (-1743.3, 993.3, 612.9)	,segment: 0
320	|| pos: (-1709.3, 1000.9, 576.6)	,dir: (-1709.3, 1000.9, 576.6)	,segment: 0
321	|| pos: (-1671.2, 1008.2, 545.2)	,dir: (-1671.2, 1008.2, 545.2)	,segment: 0
322	|| pos: (-1623.6, 1015.3, 527.7)	,dir: (-1623.6, 1015.3, 527.7)	,segment: 0
323	|| pos: (-1572.8, 1020.1, 545.8)	,dir: (-1572.8, 1020.1, 545.8)	,segment: 0
324	|| pos: (-1538.0, 1022.0, 583.1)	,dir: (-1538.0, 1022.0, 583.1)	,segment: 0
325	|| pos: (-1510.4, 1022.6, 626.5)	,dir: (-1510.4, 1022.6, 626.5)	,segment: 0
326	|| pos: (-1487.1, 1022.8, 671.8)	,dir: (-1487.1, 1022.8, 671.8)	,segment: 0
327	|| pos: (-1466.7, 1026.3, 717.7)	,dir: (-1466.7, 1026.3, 717.7)	,segment: 0
328	|| pos: (-1444.8, 1035.9, 761.9)	,dir: (-1444.8, 1035.9, 761.9)	,segment: 0
329	|| pos: (-1416.5, 1047.6, 802.7)	,dir: (-1416.5, 1047.6, 802.7)	,segment: 0
330	|| pos: (-1382.0, 1058.4, 839.2)	,dir: (-1382.0, 1058.4, 839.2)	,segment: 0
331	|| pos: (-1337.6, 1069.7, 865.7)	,dir: (-1337.6, 1069.7, 865.7)	,segment: 0
332	|| pos: (-1285.7, 1080.2, 863.1)	,dir: (-1285.7, 1080.2, 863.1)	,segment: 0
333	|| pos: (-1244.6, 1086.6, 834.0)	,dir: (-1244.6, 1086.6, 834.0)	,segment: 0
334	|| pos: (-1217.8, 1088.3, 793.8)	,dir: (-1217.8, 1088.3, 793.8)	,segment: 0
335	|| pos: (-1198.7, 1089.5, 747.4)	,dir: (-1198.7, 1089.5, 747.4)	,segment: 0
336	|| pos: (-1182.6, 1103.1, 703.0)	,dir: (-1182.6, 1103.1, 703.0)	,segment: 0
337	|| pos: (-1170.5, 1126.0, 666.5)	,dir: (-1170.5, 1126.0, 666.5)	,segment: 0
338	|| pos: (-1157.7, 1130.2, 627.4)	,dir: (-1157.7, 1130.2, 627.4)	,segment: 0
339	|| pos: (-1143.1, 1135.7, 585.2)	,dir: (-1143.1, 1135.7, 585.2)	,segment: 0
340	|| pos: (-1126.5, 1142.1, 540.2)	,dir: (-1126.5, 1142.1, 540.2)	,segment: 0
341	|| pos: (-1107.3, 1150.0, 494.9)	,dir: (-1107.3, 1150.0, 494.9)	,segment: 0
342	|| pos: (-1085.1, 1159.5, 451.6)	,dir: (-1085.1, 1159.5, 451.6)	,segment: 0
343	|| pos: (-1058.2, 1171.5, 412.9)	,dir: (-1058.2, 1171.5, 412.9)	,segment: 0
344	|| pos: (-1030.5, 1183.9, 389.6)	,dir: (-1030.5, 1183.9, 389.6)	,segment: 0
345	|| pos: (-998.7, 1196.0, 385.9)	,dir: (-998.7, 1196.0, 385.9)	,segment: 0
346	|| pos: (-975.1, 1205.3, 411.9)	,dir: (-975.1, 1205.3, 411.9)	,segment: 0
347	|| pos: (-975.5, 1211.3, 451.3)	,dir: (-975.5, 1211.3, 451.3)	,segment: 0
348	|| pos: (-983.7, 1215.7, 492.4)	,dir: (-983.7, 1215.7, 492.4)	,segment: 0
349	|| pos: (-996.8, 1219.6, 535.8)	,dir: (-996.8, 1219.6, 535.8)	,segment: 0
350	|| pos: (-1013.8, 1223.0, 581.7)	,dir: (-1013.8, 1223.0, 581.7)	,segment: 0
351	|| pos: (-1033.4, 1225.8, 627.4)	,dir: (-1033.4, 1225.8, 627.4)	,segment: 0
352	|| pos: (-1055.5, 1227.8, 672.7)	,dir: (-1055.5, 1227.8, 672.7)	,segment: 0
353	|| pos: (-1078.9, 1229.2, 717.4)	,dir: (-1078.9, 1229.2, 717.4)	,segment: 0
354	|| pos: (-1101.9, 1230.3, 762.2)	,dir: (-1101.9, 1230.3, 762.2)	,segment: 0
355	|| pos: (-1123.5, 1232.0, 807.6)	,dir: (-1123.5, 1232.0, 807.6)	,segment: 0
356	|| pos: (-1144.5, 1235.4, 853.0)	,dir: (-1144.5, 1235.4, 853.0)	,segment: 0
357	|| pos: (-1166.6, 1239.1, 898.1)	,dir: (-1166.6, 1239.1, 898.1)	,segment: 0
358	|| pos: (-1187.5, 1242.9, 943.7)	,dir: (-1187.5, 1242.9, 943.7)	,segment: 0
359	|| pos: (-1201.6, 1246.7, 991.4)	,dir: (-1201.6, 1246.7, 991.4)	,segment: 0
360	|| pos: (-1208.7, 1250.3, 1040.6)	,dir: (-1208.7, 1250.3, 1040.6)	,segment: 0
361	|| pos: (-1208.9, 1253.8, 1091.0)	,dir: (-1208.9, 1253.8, 1091.0)	,segment: 0
362	|| pos: (-1202.3, 1257.0, 1141.1)	,dir: (-1202.3, 1257.0, 1141.1)	,segment: 0
363	|| pos: (-1189.0, 1259.6, 1190.1)	,dir: (-1189.0, 1259.6, 1190.1)	,segment: 0
364	|| pos: (-1168.7, 1261.5, 1237.2)	,dir: (-1168.7, 1261.5, 1237.2)	,segment: 0
365	|| pos: (-1141.4, 1262.2, 1279.7)	,dir: (-1141.4, 1262.2, 1279.7)	,segment: 0
366	|| pos: (-1106.3, 1262.3, 1317.4)	,dir: (-1106.3, 1262.3, 1317.4)	,segment: 0
367	|| pos: (-1064.9, 1262.8, 1346.7)	,dir: (-1064.9, 1262.8, 1346.7)	,segment: 0
368	|| pos: (-1018.0, 1264.3, 1365.3)	,dir: (-1018.0, 1264.3, 1365.3)	,segment: 0
369	|| pos: (-969.1, 1267.5, 1373.5)	,dir: (-969.1, 1267.5, 1373.5)	,segment: 0
370	|| pos: (-918.8, 1272.8, 1375.3)	,dir: (-918.8, 1272.8, 1375.3)	,segment: 0
371	|| pos: (-869.2, 1280.3, 1374.7)	,dir: (-869.2, 1280.3, 1374.7)	,segment: 0
372	|| pos: (-819.9, 1289.3, 1367.9)	,dir: (-819.9, 1289.3, 1367.9)	,segment: 0
373	|| pos: (-774.9, 1296.5, 1346.8)	,dir: (-774.9, 1296.5, 1346.8)	,segment: 0
374	|| pos: (-732.1, 1302.9, 1322.5)	,dir: (-732.1, 1302.9, 1322.5)	,segment: 0
375	|| pos: (-689.8, 1308.7, 1297.6)	,dir: (-689.8, 1308.7, 1297.6)	,segment: 0
376	|| pos: (-645.6, 1314.2, 1272.6)	,dir: (-645.6, 1314.2, 1272.6)	,segment: 0
377	|| pos: (-600.5, 1319.3, 1249.9)	,dir: (-600.5, 1319.3, 1249.9)	,segment: 0
378	|| pos: (-553.1, 1323.9, 1231.3)	,dir: (-553.1, 1323.9, 1231.3)	,segment: 0
379	|| pos: (-502.1, 1327.4, 1222.2)	,dir: (-502.1, 1327.4, 1222.2)	,segment: 0
380	|| pos: (-451.4, 1330.1, 1222.1)	,dir: (-451.4, 1330.1, 1222.1)	,segment: 0
381	|| pos: (-401.4, 1332.7, 1222.1)	,dir: (-401.4, 1332.7, 1222.1)	,segment: 0
382	|| pos: (-351.9, 1335.2, 1222.1)	,dir: (-351.9, 1335.2, 1222.1)	,segment: 0
383	|| pos: (-301.4, 1337.7, 1222.1)	,dir: (-301.4, 1337.7, 1222.1)	,segment: 0
384	|| pos: (-250.8, 1340.2, 1222.1)	,dir: (-250.8, 1340.2, 1222.1)	,segment: 0
385	|| pos: (-200.4, 1342.6, 1222.1)	,dir: (-200.4, 1342.6, 1222.1)	,segment: 0
386	|| pos: (-150.1, 1344.8, 1222.1)	,dir: (-150.1, 1344.8, 1222.1)	,segment: 0
387	|| pos: (-99.7, 1346.8, 1222.1)	,dir: (-99.7, 1346.8, 1222.1)	,segment: 0
388	|| pos: (-49.3, 1348.4, 1222.1)	,dir: (-49.3, 1348.4, 1222.1)	,segment: 0
389	|| pos: (1.2, 1349.3, 1222.1)	,dir: (1.2, 1349.3, 1222.1)	,segment: 0
390	|| pos: (51.7, 1349.5, 1222.1)	,dir: (51.7, 1349.5, 1222.1)	,segment: 0
391	|| pos: (100.4, 1349.6, 1208.6)	,dir: (100.4, 1349.6, 1208.6)	,segment: 0


